11111111111100101000000000010011
00000000001000101001000000010011
00000000001100101010000000010011
00000000001100101011000000010011
00000001111100101100000000010011
00000000000100101101000000010011
00000000000100101101000000010011
00000001111100101110000000010011
00000001111100101000000000010011
00000000010000101000000000110011
01000000010000101000000000110011
00000000010000101001000000110011
00000000010000101010000000110011
00000000010000101011000000110011
00000000010000101100000000110011
00000000010000101101000000110011
01000000010000101101000000110011
00000000010000101110000000110011
00000000010000101111000000110011
00000000000000000000000010000011
00000000001000000001000010000011
00000000000000000010000010000011
00000000001100000100000010000011
00000000000000000101000010000011
00000000000100000000000000100011
00000000000100000001000100100011
00000000000100000010000000100011
00000000000100001000110001100011
00000000000100001001101001100011
00000000001000001100100001100011
00000000000000001101011001100011
00000000000100001110010001100011
00000000000100001111001001100011
11111101100111111111000011100000
00000000100100110000000011100001
00000000100100110000000011100001
